9, 16, 
b1nt,b2nt,b3nt,0000,0000,0000,0000,0000,0000,0000,0000,0000,0000,0000,p1nt,p1nt,
b4nt,i5nt,b6nt,0000,0000,0000,n1nt,n2nt,0000,0000,0000,0000,0000,0000,p1nt,p1nt,
b7nt,b8nt,b9nt,0000,0000,0000,n3nt,n4nt,0000,0000,0000,0000,0000,0000,0000,0000,
0000,0000,0000,0000,0000,0000,0000,0000,0000,0000,0000,0000,0000,0000,0000,0000,
i1nt,i2nt,i3nt,0000,0000,0000,0000,0000,0000,0000,0000,0000,0000,0000,0000,0000,
i4nt,i5nt,i6nt,0000,0000,0000,0000,0000,0000,0000,0000,0000,0000,0000,0000,0000,
i7nt,i8nt,i9nt,0000,0000,0000,0000,0000,0000,0000,0000,0000,0000,0000,0000,0000,
0000,0000,0000,0000,0000,b1nt,b2nt,b2nt,b2nt,b2nt,b3nt,0000,0000,0000,e1nt,e1nt,
0000,0000,0000,0000,0000,b4nt,i1nt,i2nt,i2nt,i3nt,b6nt,0000,0000,0000,e1nt,e1nt,
