9, 16, 
0000,0000,0000,0000,0000,0000,0000,0000,0000,0000,0000,0000,0000,0000,0000,0000,
0000,0000,0000,0000,0000,0000,0000,0000,0000,0000,0000,0000,0000,0000,0000,0000,
0000,0000,0000,0000,0000,0000,0000,0000,0000,0000,0000,0000,0000,0000,0000,0000,
0000,0000,0000,0000,0000,0000,0000,0000,0000,0000,0000,0000,0000,0000,0000,0000,
0000,0000,0000,0000,0000,0000,0000,0000,0000,0000,0000,0000,0000,0000,0000,0000,
0000,0000,0000,0000,0000,0000,0000,0000,0000,0000,0000,0000,0000,0000,0000,0000,
0000,0000,0000,0000,0000,0000,0000,0000,0000,0000,0000,0000,0000,e1nt,0000,0000,
0000,0000,0000,b1nt,b2nt,b2nt,b2nt,b2nt,b2nt,b3nt,e1nt,b1nt,b2nt,b3nt,0000,0000,
0000,0000,0000,b4nt,i1nt,i2nt,i2nt,i2nt,i3nt,n2nt,b2nt,n1nt,i2nt,b6nt,0000,0000,
