9, 16, 
0000,0000,0000,0000,0000,0000,0000,0000,0000,0000,0000,0000,0000,0000,0000,0000,
0000,0000,0000,0000,0000,0000,0000,0000,0000,0000,0000,0000,0000,0000,0000,0000,
0000,0000,0000,0000,0000,0000,0000,0000,0000,0000,0000,0000,0000,0000,0000,0000,
0000,0000,0000,0000,0000,0000,0000,0000,0000,0000,0000,0000,0000,0000,0000,0000,
0000,0000,e2nt,0000,0000,0000,0000,0000,0000,0000,0000,0000,0000,0000,0000,0000,
0000,b1nt,b2nt,b3nt,0000,0000,0000,0000,0000,0000,0000,0000,0000,0000,0000,0000,
0000,b4nt,i2nt,b6nt,0000,0000,0000,0000,0000,0000,e3nt,0000,0000,0000,0000,0000,
0000,b4nt,i5nt,n2nt,b2nt,b2nt,b2nt,b2nt,b2nt,b2nt,b2nt,b3nt,0000,0000,b1nt,b2nt,
0000,b4nt,i5nt,i2nt,i2nt,i2nt,i2nt,i2nt,i2nt,i2nt,i3nt,b6nt,0000,0000,b4nt,i1nt,
